56274309
56274309
56273842
56278288
56278288
56242631
56242631
56242978
56242978
56234669
56248380
56248380
56250466
56250466
56250922
55293331
55293331
55324918
55324918
55255858
55255858
55274872
55274872
55255405
55249187
55249187
55260151
55260151
55286183
55286183
55240681
55240681
55199095
55206007
55206007
55204051
55204051
55187748
55187748
55201803
55201803
55247354
55234632
55234632
55218361
55218361
55216868
55216868
55213824
55213824
55194773
55166994
55166994
55122837
55122837
55129361
55129361
55193107
55173804
55173804
55203042
55203042
55203185
55203185
55321214
55321802
55321802
55289043
55289043
55265839
55265839
55273738
55273738
55258840
55263042
55263042
55267202
55267202
55268604
55268604
55220390
55220390
55221300
55200793
55200793
55183230
55183230
55163554
55163554
55157968
55144005
55144005
55150645
55150645
55146776
55146776
55116567
55096108
55096108
55035214
55035214
55027870
55027870
55027394
55027394
54999015
55010285
55010285
54990780
54990780
54986505
54986505
55019209
55057181
55057181
55069708
55069708
55132985
55132985
55103723
55103723
55118895
55138227
55138227
55129569
55129569
55169878
55169878
55188187
55157689
55157689
55170271
55170271
55198812
55198812
55172181
55172181
55133086
55133086
55141784
55170659
55170659
55219526
55219526
55217709
55217709
55245637
55245637
55260930
55260930
55254450
55237591
55237591
55252575
55252575
55253694
55253694
55273149
55273149
55306801
55306801
55325638
55347648
55347648
55381005
55381005
55339240
55339240
55320706
55320706
55308608
55308608
55281432
55281432
55253484
55230483
55230483
55250328
55250328
55196018
55196018
55178630
55178630
55244394
55183204
55183204
55134435
55134435
55177677
55177677
55165315
55175670
55175670
55130645
55130645
55127828
55127828
55150306
55150306
55140970